25.87985372543335
33.07900834083557
31.16873574256897
33.49711275100708
31.838067054748535
34.83232545852661
29.05796766281128
30.215126514434814
31.231011390686035
31.196059942245483
31.494029998779297
32.132644176483154
28.377914905548096
34.388094425201416
32.48904323577881
28.536908864974976
30.291932344436646
32.0143039226532
29.110924243927002
27.14880681037903
27.070845127105713
27.368851900100708
27.235848426818848
27.28785228729248
27.362868309020996
27.711856603622437
27.70084810256958
27.367822647094727
27.611815214157104
27.898842811584473
28.09984827041626
27.976841688156128
28.548903703689575
28.244868993759155
28.31783890724182
28.419873476028442
28.175845623016357
28.324828624725342
28.142826080322266
28.58484148979187
28.801841735839844
28.838858604431152
28.424835681915283
28.698873281478882
28.63884735107422
28.992847681045532
28.58881378173828
28.597816705703735
28.90383529663086
29.542852640151978
29.96885848045349
29.549854278564453
29.452839136123657
29.84585189819336
31.060884952545166
30.040832996368408
29.4688138961792
29.58881711959839
30.274830102920532
32.456897020339966
30.411842584609985
30.653860330581665
30.634846448898315
30.793856859207153
30.361838340759277
30.18680214881897
30.55281972885132
30.294812202453613
30.18582534790039
30.310805797576904
30.33981204032898
30.064806938171387
30.36880850791931
30.106820106506348
30.32479453086853
32.607850313186646
30.67979884147644
29.93578600883484
30.004783153533936
30.14678716659546
30.566834926605225
30.278786659240723
29.952782154083252
30.37377166748047
30.168760776519775
30.293731927871704
30.819775581359863
30.9347825050354
30.502767324447632
30.342763423919678
30.483771324157715
30.386773586273193
31.271777629852295
30.676729917526245
30.368745803833008
30.757756233215332
30.749754190444946
31.177769422531128
30.99876070022583
30.6057026386261
30.659750938415527
30.51673126220703
30.621728658676147
30.629732370376587
30.302698135375977
30.478720664978027
30.56970477104187
31.085742712020874
30.61272883415222
31.198763132095337
31.157708644866943
30.597694873809814
31.16774010658264
31.129746913909912
33.49978542327881
31.701735496520996
31.194727659225464
30.83171510696411
31.55573010444641
31.581725358963013
31.563718795776367
31.983722925186157
31.997741222381592
31.36170983314514
31.353708744049072
30.784693002700806
30.913692951202393
30.9246768951416
31.812731981277466
31.01368522644043
31.078683853149414
31.026681900024414
31.007680416107178
30.99168062210083
31.025680541992188
31.4196617603302
31.093663930892944
30.896660327911377
30.886662244796753
31.027661085128784
30.580655336380005
30.64465618133545
30.848659992218018
31.177665948867798
30.45563292503357
30.65461015701294
30.836645364761353
30.4956533908844
30.70964217185974
30.964637517929077
30.629645109176636
30.912656784057617
31.03264832496643
31.087645530700684
30.58961796760559
30.937641382217407
29.979605674743652
31.059635162353516
30.526644229888916
30.710653066635132
30.48261594772339
30.458605527877808
30.40861439704895
30.63460636138916
30.78560972213745
31.305622816085815
30.711608409881592
30.9896137714386
30.641604900360107
30.592596769332886
31.083600521087646
31.139595985412598
31.481624126434326
31.093608140945435
31.085603952407837
30.64560341835022
31.41760492324829
30.299583673477173
31.012585639953613
32.252617835998535
31.289586305618286
31.23158621788025
32.6556339263916
32.02560234069824
31.765594720840454
31.389609336853027
31.21356964111328
30.83858823776245
30.593559980392456
31.124561071395874
30.720561265945435
31.90961718559265
31.037572383880615
30.4045569896698
30.813531637191772
30.651551246643066
31.215551137924194
30.999565839767456
31.660564661026
30.815565586090088
30.5095374584198
30.921571969985962
31.17756962776184
30.660528898239136
31.050551414489746
30.94154930114746
30.931549072265625
31.732564210891724
31.237572193145752
30.456530332565308
30.90152621269226
31.03052806854248
30.389514923095703
30.897538661956787
33.04356074333191
30.84754228591919
31.535531282424927
30.95552349090576
31.09453511238098
31.5015287399292
31.790525436401367
31.757527351379395
31.404529333114624
31.693538427352905
31.43853998184204
33.67955183982849
32.30751705169678
32.19052338600159
31.208494663238525
31.863529443740845
31.371512174606323
31.157520294189453
31.13150429725647
32.40551805496216
31.52250027656555
32.86853742599487
32.23150372505188
31.89251708984375
31.670493364334106
31.77449941635132
30.977490186691284
31.71548867225647
31.170496940612793
31.846546411514282
31.196481704711914
31.14248251914978
31.186492443084717
31.682497024536133
31.529478788375854
31.72251272201538
31.29748773574829
31.433488607406616
31.58346724510193
32.04752445220947
32.31650519371033
31.490471839904785
31.751484632492065
31.57246708869934
31.52647066116333
31.643468618392944
33.893516063690186
31.6384596824646
32.24846935272217
31.455451726913452
32.06647324562073
30.989450693130493
31.563451528549194
31.492452144622803
31.749457597732544
32.028462171554565
31.721468210220337
32.34545588493347
32.77449059486389
32.623462200164795
31.72143793106079
31.52846050262451
31.367456674575806
32.344451904296875
31.489432334899902
32.00043869018555
31.57844090461731
31.96343421936035
31.34546422958374
31.9714412689209
31.732434272766113
31.413424491882324
31.60142493247986
31.51442527770996
31.477422952651978
31.241422653198242
31.987444162368774
31.159435987472534
31.898414373397827
31.522417306900024
31.702422618865967
31.349428176879883
31.009424686431885
31.13441252708435
30.935422897338867
32.14942216873169
31.618417739868164
31.62042236328125
31.064449548721313
31.90039563179016
33.48743271827698
31.604417085647583
31.591421127319336
32.092405557632446
31.546396255493164
32.590423822402954
31.929444551467896
31.8064022064209
31.251410722732544
31.60941171646118
33.94847083091736
32.37340211868286
31.323416233062744
31.3003888130188
31.250388860702515
31.48239302635193
31.558390378952026
31.513385772705078
32.67540121078491
31.874386310577393
31.43238401412964
31.200379610061646
31.871387243270874
31.82938551902771
31.646394729614258
32.15338444709778
31.406376600265503
31.6244113445282
30.980372667312622
31.70337748527527
31.627385139465332
31.64737367630005
31.393364429473877
31.76139521598816
31.788371801376343
31.761375188827515
31.189367294311523
31.29936718940735
32.00637698173523
31.27835464477539
31.522360801696777
32.234374046325684
34.07445812225342
32.297369718551636
32.07636737823486
32.254361629486084
32.428364276885986
31.68435788154602
32.016361474990845
32.32736420631409
32.40536451339722
32.26537799835205
31.88036823272705
32.96936893463135
32.62136173248291
32.578359603881836
32.978365659713745
32.367356061935425
33.491371154785156
32.43436932563782
33.10338377952576
32.56139302253723
33.24637150764465
32.81535887718201
33.09136176109314
32.048351764678955
33.02836990356445
32.753385066986084
32.998355865478516
32.36435008049011
32.92835450172424
32.84835410118103
33.111350536346436
33.06234955787659
32.445380449295044
32.8843719959259
31.515331506729126
32.61776328086853
32.81234622001648
32.95434045791626
33.345346212387085
33.86135005950928
32.68833923339844
33.38735103607178
35.413379430770874
33.36534023284912
33.70234155654907
32.58032941818237
33.884358406066895
32.966354846954346
32.98134922981262
33.15333318710327
33.224329471588135
35.34235596656799
32.34232687950134
33.2733359336853
32.46334409713745
33.364349603652954
32.3413188457489
33.84634876251221
32.41833162307739
33.42033052444458
32.93533706665039
32.490339040756226
33.97533583641052
32.2703173160553
33.01832842826843
32.48531937599182
34.200334787368774
32.87134671211243
33.684340715408325
32.8423216342926
33.815319299697876
32.31432366371155
34.83334803581238
32.40431070327759
33.050331115722656
32.66832756996155
33.6193163394928
33.01331329345703
32.19830083847046
33.00731420516968
32.38830804824829
32.97531294822693
35.789337396621704
32.761343479156494
33.350313901901245
33.004310131073
33.30431056022644
33.09233593940735
33.02430438995361
33.01130270957947
34.899314641952515
33.26431941986084
33.17930459976196
33.899312019348145
33.20730495452881
33.01032495498657
33.232309103012085
33.1953022480011
33.16930103302002
33.32133626937866
33.21730017662048
33.00331139564514
32.97130823135376
33.06432890892029
33.02529740333557
33.32431387901306
33.58330249786377
33.52331471443176
32.71829271316528
33.1132926940918
33.0912926197052
33.30029535293579
32.54429006576538
32.96229290962219
32.93629336357117
32.8053023815155
33.06930327415466
33.074291467666626
32.68929076194763
32.7043092250824
32.87928891181946
35.40331435203552
33.55828905105591
33.16630983352661
33.48729133605957
33.80929350852966
33.46929121017456
33.91229438781738
32.87827920913696
35.00831413269043
32.65527892112732
33.282285928726196
33.185296058654785
33.60028696060181
32.68327975273132
32.95127773284912
33.29731321334839
32.913275957107544
32.756282567977905
33.68028402328491
33.75129699707031
33.492278814315796
33.05129098892212
32.84427571296692
32.90727138519287
32.88427662849426
33.46429753303528
33.599276065826416
33.12628960609436
33.452274799346924
33.69327902793884
33.45830821990967
33.5632758140564
32.76227021217346
33.126272678375244
33.51027464866638
33.30228567123413
33.02426743507385
33.594276428222656
35.72829484939575
33.27026414871216
33.18926405906677
33.27428317070007
33.79927396774292
34.18229031562805
33.82327151298523
33.96028971672058
33.81830048561096
33.2202627658844
33.46329307556152
34.09927439689636
33.810269594192505
33.45426344871521
33.74326467514038
33.3752601146698
33.851266860961914
34.555275678634644
34.976282596588135
34.69228458404541
34.28126788139343
34.85327625274658
34.49527359008789
34.137269258499146
34.460264682769775
34.22927927970886
35.186275243759155
34.334280490875244
33.885244369506836
35.57425904273987
34.36426615715027
34.77026414871216
34.506263732910156
34.529263496398926
34.509294509887695
34.44327735900879
34.5562629699707
37.11928081512451
34.20126247406006
34.057267904281616
34.74727177619934
34.64826226234436
33.74425506591797
34.18126344680786
36.3952956199646
34.9912588596344
33.94426202774048
34.06726908683777
34.20425033569336
34.72525644302368
33.9932541847229
34.08825159072876
34.28425741195679
34.236249923706055
34.005290508270264
33.88024687767029
34.177263498306274
34.58624982833862
34.0232207775116
34.409264087677
33.460240840911865
33.923258781433105
34.259254455566406
33.678242444992065
34.05326199531555
34.176263093948364
33.82725548744202
34.095253229141235
33.676894664764404
34.15116310119629
33.897146701812744
34.25218439102173
33.58809494972229
34.12715721130371
33.81210207939148
34.10804724693298
34.2680606842041
34.457072019577026
34.87514352798462
33.89907240867615
34.218985080718994
35.29405450820923
33.86893010139465
34.58297324180603
34.69599533081055
33.90994668006897
34.01783514022827
34.10984492301941
34.45787787437439
34.085840702056885
34.01182985305786
34.278857469558716
34.00377082824707
33.72571396827698
33.93671417236328
33.9007453918457
34.557769536972046
34.59078764915466
34.1986608505249
34.14166188240051
34.41269612312317
34.06963658332825
34.29767084121704
34.25366425514221
34.379592418670654
33.32850694656372
34.38358664512634
33.94153428077698
34.49059295654297
33.67253136634827
34.69652223587036
34.43950128555298
34.59251928329468
33.923465967178345
34.58552145957947
36.08558797836304
34.228421449661255
33.980390787124634
34.47241926193237
34.17939877510071
34.061394929885864
34.80242586135864
34.6143593788147
34.37432599067688
34.203320264816284
33.90030002593994
34.55135703086853
34.150278091430664
34.043235301971436
34.25226163864136
33.73720836639404
34.33925104141235
33.75621724128723
34.53424954414368
34.22917103767395
33.99716806411743
34.54519295692444
34.63419771194458
34.09716176986694
35.192158460617065
34.07310485839844
35.40117430686951
33.95008206367493
34.261144161224365
34.88213491439819
36.96020770072937
34.926072120666504
34.32204008102417
33.848010301589966
35.22209167480469
35.23205614089966
35.05902576446533
34.64899230003357
34.21296262741089
34.306981325149536
34.19396209716797
34.37090826034546
34.70492887496948
33.64886713027954
34.80497932434082
34.63792324066162
34.35090374946594
34.088831424713135
34.44385004043579
33.975826025009155
35.09989142417908
34.377849102020264
34.68186092376709
34.6247980594635
34.798802852630615
34.816823959350586
35.310831785202026
34.078771114349365
34.33574914932251
34.88975477218628
34.888752937316895
34.08371067047119
34.99777126312256
34.56973838806152
34.45865774154663
37.28381705284119
34.30666756629944
35.188716650009155
34.16764783859253
36.869786500930786
35.13165616989136
34.869643449783325
35.024648666381836
34.613645792007446
34.93362998962402
34.77159547805786
34.173572063446045
34.21556329727173
34.71758437156677
35.41561460494995
34.63158202171326
35.05254626274109
34.75353026390076
34.65155553817749
34.18050742149353
35.12755870819092
34.64152550697327
36.58758330345154
36.16154408454895
35.309508085250854
35.971550941467285
36.18654704093933
35.68248629570007
35.45848202705383
35.25145959854126
36.23649740219116
36.21450734138489
35.655455112457275
35.18140888214111
35.80143618583679
35.37641763687134
35.770437479019165
38.30953574180603
35.403422117233276
35.94140577316284
35.47538232803345
35.73938989639282
35.309375524520874
35.90134382247925
35.2393364906311
35.51032876968384
35.323328256607056
35.53433704376221
34.72630572319031
35.34729027748108
35.43429517745972
35.20828604698181
35.70430660247803
35.806318283081055
35.589263916015625
35.67126750946045
35.19624924659729
34.979241132736206
35.78926730155945
36.263283491134644
35.8482666015625
35.96923518180847
35.29920530319214
36.02924966812134
35.052188873291016
36.535223960876465
38.74429488182068
36.601234912872314
35.83019280433655
36.411211252212524
37.585240840911865
35.77315402030945
35.80515909194946
35.836217164993286
36.663180112838745
36.113168239593506
36.24913477897644
36.57515811920166
37.30715727806091
36.58914518356323
36.163097620010376
35.837098836898804
36.83113074302673
36.32610464096069
37.96515488624573
36.27511978149414
35.92008948326111
36.38706731796265
37.033119201660156
36.318082332611084
36.49307560920715
37.26009964942932
36.179034948349
35.80903077125549
36.159021854400635
36.37604284286499
36.520025968551636
36.71609926223755
38.65310454368591
35.991002798080444
35.72599792480469
35.88700485229492
37.00302839279175
35.75796842575073
36.92400360107422
36.17199420928955
36.38298010826111
36.41598105430603
36.88797640800476
36.83697199821472
36.860976696014404
36.000946283340454
37.000959396362305
36.23592472076416
37.665958642959595
36.4379346370697
36.5619330406189
36.45493006706238
36.57590365409851
36.5118989944458
37.027931213378906
36.218892097473145
35.73588728904724
36.08885955810547
36.37891149520874
35.87086057662964
37.226897954940796
36.651886224746704
37.09388613700867
36.266855001449585
36.40485644340515
35.96884512901306
36.59586524963379
38.02989625930786
36.37983155250549
35.799822092056274
35.84883189201355
35.40881371498108
36.307860136032104
35.932801723480225
35.886799573898315
35.65280747413635
36.451810121536255
36.15881395339966
36.536794900894165
35.759774684906006
36.72179555892944
36.42178702354431
35.39776420593262
35.9087815284729
36.70377516746521
35.705753564834595
36.16976714134216
35.97875642776489
35.84476637840271
35.62473106384277
35.908753395080566
35.84172487258911
35.87672972679138
36.99574875831604
36.51973032951355
38.06276822090149
35.73870921134949
36.21172761917114
38.916778802871704
35.865700483322144
35.97569966316223
36.45272397994995
36.4617133140564
36.2267062664032
36.12868857383728
36.36469554901123
36.512696981430054
35.57866430282593
36.19669055938721
36.7746856212616
36.47767519950867
36.5246639251709
36.06666827201843
36.56567716598511
36.21768260002136
36.28265571594238
36.422651290893555
36.375662326812744
36.06363773345947
36.54466891288757
36.23563623428345
36.181640625
36.27164554595947
35.736629247665405
36.37962317466736
36.16162419319153
38.51964831352234
36.44162917137146
36.2826201915741
38.67768621444702
36.314642906188965
35.818625926971436
36.73564553260803
36.8806266784668
35.75463938713074
36.73962140083313
36.49258494377136
36.61760139465332
35.9486038684845
35.94557523727417
35.50758194923401
35.996559381484985
35.70057201385498
36.040579319000244
36.63358950614929
36.62755751609802
36.847585678100586
36.31756949424744
36.1715874671936
36.65259265899658
36.24556231498718
36.57656264305115
36.22256898880005
36.55755949020386
36.67056107521057
36.669556856155396
36.72755837440491
35.80756950378418
35.65153384208679
36.15059471130371
37.20255374908447
35.97852611541748
36.56454396247864
36.266528367996216
36.10151386260986
36.38652563095093
35.45851254463196
36.22052049636841
36.265527963638306
35.684510946273804
35.54751396179199
36.89755654335022
36.320507764816284
36.8335165977478
36.034475564956665
36.23650932312012
35.85449171066284
36.064491748809814
36.42350149154663
36.41851568222046
36.50850224494934
35.993489503860474
35.98949909210205
36.70550227165222
36.18147683143616
36.30649018287659
35.880478620529175
38.55149602890015
36.016451358795166
36.36945128440857
37.55649447441101
36.8254976272583
35.94546604156494
35.89046359062195
36.42145395278931
36.22546863555908
36.20446729660034
35.909456729888916
36.28947710990906
36.29146099090576
35.811455965042114
35.326438903808594
36.033445835113525
36.12444758415222
36.261449337005615
35.969446659088135
35.87643790245056
35.86843776702881
35.39943504333496
36.10644721984863
36.95846462249756
36.54344367980957
36.52844047546387
36.094433307647705
36.27940344810486
36.704439878463745
35.92844104766846
38.09447741508484
35.38741874694824
35.80642819404602
38.2944495677948
36.05142283439636
38.641430139541626
44.74052023887634
44.10751724243164
45.9705286026001
45.089519739151
45.711522579193115
46.16753387451172
47.25752854347229
36.2754065990448
35.80640411376953
36.091428995132446
35.8724000453949
35.86240816116333
35.8234076499939
36.66440200805664
35.98441410064697
37.10340595245361
36.19539260864258
36.26238751411438
36.08238625526428
35.75239396095276
35.950390100479126
35.744378328323364
36.78639340400696
36.62038230895996
36.08039927482605
36.44538402557373
36.224379539489746
36.703388690948486
36.704410791397095
36.252387285232544
37.2413911819458
36.54737639427185
36.57839369773865
36.76636290550232
36.28336811065674
36.81337332725525
36.89537453651428
36.97136950492859
36.25536608695984
35.87036108970642
36.42136573791504
36.73336982727051
36.51736545562744
35.8733811378479
35.75237536430359
35.439345598220825
36.04434251785278
35.5733642578125
35.98037266731262
36.122358560562134
36.019357681274414
36.96036243438721
35.90736246109009
35.89634585380554
35.86037588119507
35.60134243965149
36.7563533782959
36.58536648750305
36.3893518447876
36.30834698677063
36.179343700408936
35.880343198776245
36.08232879638672
35.8553512096405
36.30733799934387
36.08333897590637
35.883347034454346
35.740334272384644
35.92633843421936
36.18233609199524
36.10633873939514
35.949331283569336
36.27533674240112
35.99732232093811
35.922327518463135
36.36533164978027
35.71332788467407
35.79634380340576
36.651323318481445
38.67535185813904
36.060327768325806
36.546345233917236
38.755340576171875
36.562326192855835
36.11232399940491
36.44033145904541
36.30633807182312
37.045329570770264
36.03632593154907
36.586329221725464
36.3003203868866
35.955315589904785
36.20633101463318
36.148346185684204
35.91631197929382
36.884321212768555
36.4873309135437
36.11331129074097
36.35431742668152
35.99030065536499
36.69231915473938
35.7823212146759
36.36532402038574
35.80830454826355
36.0472948551178
35.48231387138367
36.24930739402771
37.783334493637085
36.71929454803467
35.99333357810974
36.50330376625061
35.67929720878601
36.10131859779358
36.7073118686676
36.36630606651306
35.54129457473755
36.46831297874451
35.87331295013428
36.63333702087402
36.3663055896759
36.62630367279053
36.33429741859436
35.72929358482361
35.93629574775696
35.68928647041321
36.0482919216156
35.93729376792908
36.036277532577515
35.202284812927246
35.866286754608154
35.40228486061096
35.62729024887085
35.950289726257324
35.89028787612915
35.740283489227295
36.14630460739136
36.40529179573059
38.961331367492676
35.58029508590698
36.16229057312012
36.06128716468811
35.93928384780884
37.02229189872742
36.014293909072876
